{
 "cells": [
  {
   "cell_type": "markdown",
   "id": "729fa06c-db6b-44e7-8225-f81e0883741c",
   "metadata": {},
   "source": [
    "# Optimization Methods Project"
   ]
  },
  {
   "cell_type": "code",
   "execution_count": 2,
   "id": "0beff657-cb16-4703-b60b-0c7113909382",
   "metadata": {
    "tags": []
   },
   "outputs": [],
   "source": [
    "import gurobipy as gp\n",
    "import pandas as pd\n",
    "import numpy as np"
   ]
  },
  {
   "cell_type": "markdown",
   "id": "63fd9152-332c-481a-a484-7297c05d7721",
   "metadata": {},
   "source": [
    "## Question 2"
   ]
  },
  {
   "cell_type": "markdown",
   "id": "2bfc2901-a455-40dd-804f-7b4d0ea55d25",
   "metadata": {},
   "source": [
    "### Load Data"
   ]
  },
  {
   "cell_type": "code",
   "execution_count": 3,
   "id": "05aaa228-221c-4691-a578-cf2354a35f95",
   "metadata": {},
   "outputs": [],
   "source": [
    "df_city_sm = pd.read_csv(\"files/cities_small.csv\")\n",
    "df_city_md = pd.read_csv(\"files/cities_med.csv\")\n",
    "df_city_lg = pd.read_csv(\"files/cities_large.csv\")\n",
    "df_pkgs_sm = pd.read_csv(\"files/packages_small.csv\")\n",
    "df_pkgs_md = pd.read_csv(\"files/packages_med.csv\")\n",
    "df_pkgs_lg = pd.read_csv(\"files/packages_large.csv\")"
   ]
  },
  {
   "cell_type": "code",
   "execution_count": 4,
   "id": "5afd768d-fd9e-45b2-8c18-38035d1c8004",
   "metadata": {
    "tags": []
   },
   "outputs": [
    {
     "data": {
      "text/html": [
       "<div>\n",
       "<style scoped>\n",
       "    .dataframe tbody tr th:only-of-type {\n",
       "        vertical-align: middle;\n",
       "    }\n",
       "\n",
       "    .dataframe tbody tr th {\n",
       "        vertical-align: top;\n",
       "    }\n",
       "\n",
       "    .dataframe thead th {\n",
       "        text-align: right;\n",
       "    }\n",
       "</style>\n",
       "<table border=\"1\" class=\"dataframe\">\n",
       "  <thead>\n",
       "    <tr style=\"text-align: right;\">\n",
       "      <th></th>\n",
       "      <th>id</th>\n",
       "      <th>lat</th>\n",
       "      <th>lon</th>\n",
       "    </tr>\n",
       "  </thead>\n",
       "  <tbody>\n",
       "    <tr>\n",
       "      <th>0</th>\n",
       "      <td>0</td>\n",
       "      <td>37.618806</td>\n",
       "      <td>-122.375417</td>\n",
       "    </tr>\n",
       "    <tr>\n",
       "      <th>1</th>\n",
       "      <td>1</td>\n",
       "      <td>36.080044</td>\n",
       "      <td>-115.152235</td>\n",
       "    </tr>\n",
       "    <tr>\n",
       "      <th>2</th>\n",
       "      <td>2</td>\n",
       "      <td>33.636700</td>\n",
       "      <td>-84.427864</td>\n",
       "    </tr>\n",
       "    <tr>\n",
       "      <th>3</th>\n",
       "      <td>3</td>\n",
       "      <td>39.861667</td>\n",
       "      <td>-104.673167</td>\n",
       "    </tr>\n",
       "    <tr>\n",
       "      <th>4</th>\n",
       "      <td>4</td>\n",
       "      <td>33.942496</td>\n",
       "      <td>-118.408049</td>\n",
       "    </tr>\n",
       "  </tbody>\n",
       "</table>\n",
       "</div>"
      ],
      "text/plain": [
       "   id        lat         lon\n",
       "0   0  37.618806 -122.375417\n",
       "1   1  36.080044 -115.152235\n",
       "2   2  33.636700  -84.427864\n",
       "3   3  39.861667 -104.673167\n",
       "4   4  33.942496 -118.408049"
      ]
     },
     "execution_count": 4,
     "metadata": {},
     "output_type": "execute_result"
    }
   ],
   "source": [
    "df_city_sm.head()"
   ]
  },
  {
   "cell_type": "code",
   "execution_count": 5,
   "id": "8dca7c41-96ef-4528-8830-e25ecffb1485",
   "metadata": {
    "tags": []
   },
   "outputs": [],
   "source": [
    "cities = df_city_sm.id.to_list()"
   ]
  },
  {
   "cell_type": "code",
   "execution_count": 6,
   "id": "27d3e4ad-29f9-40bc-8766-634ef8867acd",
   "metadata": {
    "tags": []
   },
   "outputs": [
    {
     "data": {
      "text/plain": [
       "[0, 1, 2, 3, 4, 5, 6, 7, 8, 9, 10, 11, 12, 13, 14, 15, 16]"
      ]
     },
     "execution_count": 6,
     "metadata": {},
     "output_type": "execute_result"
    }
   ],
   "source": [
    "cities"
   ]
  },
  {
   "cell_type": "code",
   "execution_count": 13,
   "id": "b2ad4d61-6ec2-4a90-91f0-1b252f254386",
   "metadata": {
    "tags": []
   },
   "outputs": [],
   "source": [
    "def compute_dist(city1_row, city2_row):\n",
    "    city1_lat = city1_row.lat.item()\n",
    "    city1_lon = city1_row.lon.item()\n",
    "    city2_lat = city2_row.lat.item()\n",
    "    city2_lon = city2_row.lon.item()\n",
    "    return np.sqrt((city1_lat - city2_lat)**2 + (city1_lon - city2_lon)**2)"
   ]
  },
  {
   "cell_type": "code",
   "execution_count": 11,
   "id": "f34ad6fc-1188-43c9-8138-28fe46b578ec",
   "metadata": {
    "tags": []
   },
   "outputs": [
    {
     "data": {
      "text/html": [
       "<div>\n",
       "<style scoped>\n",
       "    .dataframe tbody tr th:only-of-type {\n",
       "        vertical-align: middle;\n",
       "    }\n",
       "\n",
       "    .dataframe tbody tr th {\n",
       "        vertical-align: top;\n",
       "    }\n",
       "\n",
       "    .dataframe thead th {\n",
       "        text-align: right;\n",
       "    }\n",
       "</style>\n",
       "<table border=\"1\" class=\"dataframe\">\n",
       "  <thead>\n",
       "    <tr style=\"text-align: right;\">\n",
       "      <th></th>\n",
       "      <th>id</th>\n",
       "      <th>lat</th>\n",
       "      <th>lon</th>\n",
       "    </tr>\n",
       "  </thead>\n",
       "  <tbody>\n",
       "    <tr>\n",
       "      <th>0</th>\n",
       "      <td>0</td>\n",
       "      <td>37.618806</td>\n",
       "      <td>-122.375417</td>\n",
       "    </tr>\n",
       "  </tbody>\n",
       "</table>\n",
       "</div>"
      ],
      "text/plain": [
       "   id        lat         lon\n",
       "0   0  37.618806 -122.375417"
      ]
     },
     "execution_count": 11,
     "metadata": {},
     "output_type": "execute_result"
    }
   ],
   "source": [
    "df_city_sm[df_city_sm.id == 0]"
   ]
  },
  {
   "cell_type": "code",
   "execution_count": 14,
   "id": "c7a03339-edb4-420c-974e-024ccb620e86",
   "metadata": {},
   "outputs": [
    {
     "data": {
      "text/plain": [
       "37.6188055555556"
      ]
     },
     "execution_count": 14,
     "metadata": {},
     "output_type": "execute_result"
    }
   ],
   "source": [
    "df_city_sm[df_city_sm.id == 0].lat.item()"
   ]
  },
  {
   "cell_type": "code",
   "execution_count": 26,
   "id": "38d729bd-3766-4c99-a2fe-1d0dfd9db0c5",
   "metadata": {
    "tags": []
   },
   "outputs": [],
   "source": [
    "dists = {}\n",
    "for i, city1 in enumerate(cities):\n",
    "    city1_row = df_city_sm[df_city_sm.id == city1]\n",
    "    for city2 in cities[i:]:\n",
    "        city2_row = df_city_sm[df_city_sm.id == city2]\n",
    "        if (city1, city2) not in dists:\n",
    "            curr_dist = compute_dist(city1_row, city2_row)\n",
    "            dists[(city1, city2)] = curr_dist\n",
    "            dists[(city2, city1)] = curr_dist"
   ]
  },
  {
   "cell_type": "code",
   "execution_count": 27,
   "id": "ce12d675-da2e-4042-969b-c9809cdb285f",
   "metadata": {
    "scrolled": true,
    "tags": []
   },
   "outputs": [
    {
     "data": {
      "text/plain": [
       "{(0, 0): 0.0,\n",
       " (0, 1): 7.385265389230029,\n",
       " (1, 0): 7.385265389230029,\n",
       " (0, 2): 38.15591593897656,\n",
       " (2, 0): 38.15591593897656,\n",
       " (0, 3): 17.84376868899152,\n",
       " (3, 0): 17.84376868899152,\n",
       " (0, 4): 5.408813028490058,\n",
       " (4, 0): 5.408813028490058,\n",
       " (0, 5): 25.773889892811205,\n",
       " (5, 0): 25.773889892811205,\n",
       " (0, 6): 41.49611653074913,\n",
       " (6, 0): 41.49611653074913,\n",
       " (0, 7): 48.60553382145602,\n",
       " (7, 0): 48.60553382145602,\n",
       " (0, 8): 39.29147706731318,\n",
       " (8, 0): 39.29147706731318,\n",
       " (0, 9): 42.082014644191126,\n",
       " (9, 0): 42.082014644191126,\n",
       " (0, 10): 34.74170158291984,\n",
       " (10, 0): 34.74170158291984,\n",
       " (0, 11): 10.870017183439154,\n",
       " (11, 0): 10.870017183439154,\n",
       " (0, 12): 28.091268550605463,\n",
       " (12, 0): 28.091268550605463,\n",
       " (0, 13): 48.30461965636616,\n",
       " (13, 0): 48.30461965636616,\n",
       " (0, 14): 30.044770767831277,\n",
       " (14, 0): 30.044770767831277,\n",
       " (0, 15): 51.58763290393545,\n",
       " (15, 0): 51.58763290393545,\n",
       " (0, 16): 11.176730921164692,\n",
       " (16, 0): 11.176730921164692,\n",
       " (1, 1): 0.0,\n",
       " (1, 2): 30.821370630396732,\n",
       " (2, 1): 30.821370630396732,\n",
       " (1, 3): 11.140535810559616,\n",
       " (3, 1): 11.140535810559616,\n",
       " (1, 4): 3.8947956806280275,\n",
       " (4, 1): 3.8947956806280275,\n",
       " (1, 5): 18.392032084910486,\n",
       " (5, 1): 18.392032084910486,\n",
       " (1, 6): 34.214148100004024,\n",
       " (6, 1): 34.214148100004024,\n",
       " (1, 7): 41.54601148997632,\n",
       " (7, 1): 41.54601148997632,\n",
       " (1, 8): 32.38476390072753,\n",
       " (8, 1): 32.38476390072753,\n",
       " (1, 9): 34.69721975018226,\n",
       " (9, 1): 34.69721975018226,\n",
       " (1, 10): 27.874962861114362,\n",
       " (10, 1): 27.874962861114362,\n",
       " (1, 11): 5.678534987172922,\n",
       " (11, 1): 5.678534987172922,\n",
       " (1, 12): 20.7273715847404,\n",
       " (12, 1): 20.7273715847404,\n",
       " (1, 13): 41.242281307611485,\n",
       " (13, 1): 41.242281307611485,\n",
       " (1, 14): 23.63088834930368,\n",
       " (14, 1): 23.63088834930368,\n",
       " (1, 15): 44.590700193329695,\n",
       " (15, 1): 44.590700193329695,\n",
       " (1, 16): 4.106552016136462,\n",
       " (16, 1): 4.106552016136462,\n",
       " (2, 2): 0.0,\n",
       " (2, 3): 21.180710443885175,\n",
       " (3, 2): 21.180710443885175,\n",
       " (2, 4): 33.98156055678556,\n",
       " (4, 2): 33.98156055678556,\n",
       " (2, 5): 12.631494037915068,\n",
       " (5, 2): 12.631494037915068,\n",
       " (2, 6): 3.8195806212504895,\n",
       " (6, 2): 3.8195806212504895,\n",
       " (2, 7): 12.743658164148117,\n",
       " (7, 2): 12.743658164148117,\n",
       " (2, 8): 8.6427944676963,\n",
       " (8, 2): 8.6427944676963,\n",
       " (2, 9): 6.069876243241395,\n",
       " (9, 2): 6.069876243241395,\n",
       " (2, 10): 9.037256391528613,\n",
       " (10, 2): 9.037256391528613,\n",
       " (2, 11): 28.463032645369,\n",
       " (11, 2): 28.463032645369,\n",
       " (2, 12): 11.508485149497337,\n",
       " (12, 2): 11.508485149497337,\n",
       " (2, 13): 12.451295186496262,\n",
       " (13, 2): 12.451295186496262,\n",
       " (2, 14): 14.275471117591737,\n",
       " (14, 2): 14.275471117591737,\n",
       " (2, 15): 16.008852021598884,\n",
       " (15, 2): 16.008852021598884,\n",
       " (2, 16): 27.58446205490871,\n",
       " (16, 2): 27.58446205490871,\n",
       " (3, 3): 0.0,\n",
       " (3, 4): 14.956054252547425,\n",
       " (4, 3): 14.956054252547425,\n",
       " (3, 5): 10.334590816185111,\n",
       " (5, 3): 10.334590816185111,\n",
       " (3, 6): 24.17512310935846,\n",
       " (6, 3): 24.17512310935846,\n",
       " (3, 7): 30.81416095517065,\n",
       " (7, 3): 30.81416095517065,\n",
       " (3, 8): 21.448987870161492,\n",
       " (8, 3): 21.448987870161492,\n",
       " (3, 9): 26.011175660013247,\n",
       " (9, 3): 26.011175660013247,\n",
       " (3, 10): 16.8979340629967,\n",
       " (10, 3): 16.8979340629967,\n",
       " (3, 11): 7.3631583487938395,\n",
       " (11, 3): 7.3631583487938395,\n",
       " (3, 12): 13.588258749096925,\n",
       " (12, 3): 13.588258749096925,\n",
       " (3, 13): 30.515791711989923,\n",
       " (13, 3): 30.515791711989923,\n",
       " (3, 14): 12.50351052127827,\n",
       " (14, 3): 12.50351052127827,\n",
       " (3, 15): 33.759566295494636,\n",
       " (15, 3): 33.759566295494636,\n",
       " (3, 16): 9.755187702069792,\n",
       " (16, 3): 9.755187702069792,\n",
       " (4, 4): 0.0,\n",
       " (4, 5): 21.395901494733884,\n",
       " (5, 4): 21.395901494733884,\n",
       " (4, 6): 37.48055824664183,\n",
       " (6, 4): 37.48055824664183,\n",
       " (4, 7): 45.05684243531712,\n",
       " (7, 4): 45.05684243531712,\n",
       " (4, 8): 36.01695724353139,\n",
       " (8, 4): 36.01695724353139,\n",
       " (4, 9): 37.50644960744929,\n",
       " (9, 4): 37.50644960744929,\n",
       " (4, 10): 31.54038872360555,\n",
       " (10, 4): 31.54038872360555,\n",
       " (4, 11): 9.392270498764189,\n",
       " (11, 4): 9.392270498764189,\n",
       " (4, 12): 23.403729729349408,\n",
       " (12, 4): 23.403729729349408,\n",
       " (4, 13): 44.751350950790886,\n",
       " (13, 4): 44.751350950790886,\n",
       " (4, 14): 27.459431348775123,\n",
       " (14, 4): 27.459431348775123,\n",
       " (4, 15): 48.143756499442794,\n",
       " (15, 4): 48.143756499442794,\n",
       " (4, 16): 6.416623271355375,\n",
       " (16, 4): 6.416623271355375,\n",
       " (5, 5): 0.0,\n",
       " (5, 6): 16.254555084317023,\n",
       " (6, 5): 16.254555084317023,\n",
       " (5, 7): 24.468669063815035,\n",
       " (7, 5): 24.468669063815035,\n",
       " (5, 8): 16.55395388902256,\n",
       " (8, 5): 16.55395388902256,\n",
       " (5, 9): 16.350947041761163,\n",
       " (9, 5): 16.350947041761163,\n",
       " (5, 10): 12.875933952467246,\n",
       " (10, 5): 12.875933952467246,\n",
       " (5, 11): 16.89604567452832,\n",
       " (11, 5): 16.89604567452832,\n",
       " (5, 12): 3.3707065276616803,\n",
       " (12, 5): 3.3707065276616803,\n",
       " (5, 13): 24.161071927576288,\n",
       " (13, 5): 24.161071927576288,\n",
       " (5, 14): 12.57756713438375,\n",
       " (14, 5): 12.57756713438375,\n",
       " (5, 15): 27.698891232074093,\n",
       " (15, 5): 27.698891232074093,\n",
       " (5, 16): 14.98351618184531,\n",
       " (16, 5): 14.98351618184531,\n",
       " (6, 6): 0.0,\n",
       " (6, 7): 9.00158865008336,\n",
       " (7, 6): 9.00158865008336,\n",
       " (6, 8): 7.400171802362156,\n",
       " (8, 6): 7.400171802362156,\n",
       " (6, 9): 6.793902831881169,\n",
       " (9, 6): 6.793902831881169,\n",
       " (6, 10): 9.704109147879642,\n",
       " (10, 6): 9.704109147879642,\n",
       " (6, 11): 31.525513084275676,\n",
       " (11, 6): 31.525513084275676,\n",
       " (6, 12): 15.31295315811628,\n",
       " (12, 6): 15.31295315811628,\n",
       " (6, 13): 8.717217523345424,\n",
       " (13, 6): 8.717217523345424,\n",
       " (6, 14): 15.623515343292555,\n",
       " (14, 6): 15.623515343292555,\n",
       " (6, 15): 12.24612598534409,\n",
       " (15, 6): 12.24612598534409,\n",
       " (6, 16): 31.113456145771597,\n",
       " (16, 6): 31.113456145771597,\n",
       " (7, 7): 0.0,\n",
       " (7, 8): 9.588791913738131,\n",
       " (8, 7): 9.588791913738131,\n",
       " (7, 9): 14.4142136006818,\n",
       " (9, 7): 14.4142136006818,\n",
       " (7, 10): 14.086717178483612,\n",
       " (10, 7): 14.086717178483612,\n",
       " (7, 11): 38.105163851579555,\n",
       " (11, 7): 38.105163851579555,\n",
       " (7, 12): 24.029056802811834,\n",
       " (12, 7): 24.029056802811834,\n",
       " (7, 13): 0.30797204670039174,\n",
       " (13, 7): 0.30797204670039174,\n",
       " (7, 14): 19.779762263891108,\n",
       " (14, 7): 19.779762263891108,\n",
       " (7, 15): 3.2756154686260333,\n",
       " (15, 7): 3.2756154686260333,\n",
       " (7, 16): 38.83941867772663,\n",
       " (16, 7): 38.83941867772663,\n",
       " (8, 8): 0.0,\n",
       " (8, 9): 13.933848943366096,\n",
       " (9, 8): 13.933848943366096,\n",
       " (8, 10): 4.5608451477094105,\n",
       " (10, 8): 4.5608451477094105,\n",
       " (8, 11): 28.65978552589657,\n",
       " (11, 8): 28.65978552589657,\n",
       " (8, 12): 17.124182829056654,\n",
       " (12, 8): 17.124182829056654,\n",
       " (8, 13): 9.30962111414204,\n",
       " (13, 8): 9.30962111414204,\n",
       " (8, 14): 10.223085533177969,\n",
       " (14, 8): 10.223085533177969,\n",
       " (8, 15): 12.347917202913203,\n",
       " (15, 8): 12.347917202913203,\n",
       " (8, 16): 29.97245933925584,\n",
       " (16, 8): 29.97245933925584,\n",
       " (9, 9): 0.0,\n",
       " (9, 10): 15.069337267806139,\n",
       " (10, 9): 15.069337267806139,\n",
       " (9, 11): 33.065369325461255,\n",
       " (11, 9): 33.065369325461255,\n",
       " (9, 12): 14.118343096390692,\n",
       " (12, 9): 14.118343096390692,\n",
       " (9, 13): 14.190400713974059,\n",
       " (13, 9): 14.190400713974059,\n",
       " (9, 14): 20.312601328313253,\n",
       " (14, 9): 20.312601328313253,\n",
       " (9, 15): 17.328813177091536,\n",
       " (15, 9): 17.328813177091536,\n",
       " (9, 16): 31.107837213962345,\n",
       " (16, 9): 31.107837213962345,\n",
       " (10, 10): 0.0,\n",
       " (10, 11): 24.09895069540769,\n",
       " (11, 10): 24.09895069540769,\n",
       " (10, 12): 14.109359223408715,\n",
       " (12, 10): 14.109359223408715,\n",
       " (10, 13): 13.799372472511338,\n",
       " (13, 10): 13.799372472511338,\n",
       " (10, 14): 6.0558941297739,\n",
       " (14, 10): 6.0558941297739,\n",
       " (10, 15): 16.90616806032294,\n",
       " (15, 10): 16.90616806032294,\n",
       " (10, 16): 25.57249683613494,\n",
       " (16, 10): 25.57249683613494,\n",
       " (11, 11): 0.0,\n",
       " (11, 12): 19.83665831893843,\n",
       " (12, 11): 19.83665831893843,\n",
       " (11, 13): 37.80920821129356,\n",
       " (13, 11): 37.80920821129356,\n",
       " (11, 14): 19.19751956372394,\n",
       " (14, 11): 19.19751956372394,\n",
       " (11, 15): 41.001628681016285,\n",
       " (15, 11): 41.001628681016285,\n",
       " (11, 16): 7.35419327462662,\n",
       " (16, 11): 7.35419327462662,\n",
       " (12, 12): 0.0,\n",
       " (12, 13): 23.726521090894362,\n",
       " (13, 12): 23.726521090894362,\n",
       " (12, 14): 15.047577397897618,\n",
       " (14, 12): 15.047577397897618,\n",
       " (12, 15): 27.302423398755288,\n",
       " (15, 12): 27.302423398755288,\n",
       " (12, 16): 17.023366549480226,\n",
       " (16, 12): 17.023366549480226,\n",
       " (13, 13): 0.0,\n",
       " (13, 14): 19.508257818955524,\n",
       " (14, 13): 19.508257818955524,\n",
       " (13, 15): 3.576392030391197,\n",
       " (15, 13): 3.576392030391197,\n",
       " (13, 16): 38.532665581214616,\n",
       " (16, 13): 38.532665581214616,\n",
       " (14, 14): 0.0,\n",
       " (14, 15): 22.357750433122387,\n",
       " (15, 14): 22.357750433122387,\n",
       " (14, 16): 22.00242034206546,\n",
       " (16, 14): 22.00242034206546,\n",
       " (15, 15): 0.0,\n",
       " (15, 16): 41.96602268348898,\n",
       " (16, 15): 41.96602268348898,\n",
       " (16, 16): 0.0}"
      ]
     },
     "execution_count": 27,
     "metadata": {},
     "output_type": "execute_result"
    }
   ],
   "source": [
    "dists"
   ]
  },
  {
   "cell_type": "code",
   "execution_count": 19,
   "id": "075d62d2-acbc-4385-999a-1801e3bcd579",
   "metadata": {
    "tags": []
   },
   "outputs": [],
   "source": [
    "N = len(df_city_sm.index)"
   ]
  },
  {
   "cell_type": "code",
   "execution_count": 24,
   "id": "b555d299-2053-46ac-82c0-aa719a8f0232",
   "metadata": {
    "tags": []
   },
   "outputs": [],
   "source": [
    "dists = np.zeros((N, N))\n",
    "for i, city1 in enumerate(cities):\n",
    "    city1_row = df_city_sm[df_city_sm.id == city1]\n",
    "    for city2 in cities[i:]:\n",
    "        city2_row = df_city_sm[df_city_sm.id == city2]\n",
    "        curr_dist = compute_dist(city1_row, city2_row)\n",
    "        dists[city1, city2] = curr_dist\n",
    "        dists[city2, city1] = curr_dist"
   ]
  },
  {
   "cell_type": "code",
   "execution_count": 25,
   "id": "2d449c1f-f13a-443b-91d4-8b72c248f230",
   "metadata": {
    "scrolled": true,
    "tags": []
   },
   "outputs": [
    {
     "data": {
      "text/plain": [
       "array([[ 0.        ,  7.38526539, 38.15591594, 17.84376869,  5.40881303,\n",
       "        25.77388989, 41.49611653, 48.60553382, 39.29147707, 42.08201464,\n",
       "        34.74170158, 10.87001718, 28.09126855, 48.30461966, 30.04477077,\n",
       "        51.5876329 , 11.17673092],\n",
       "       [ 7.38526539,  0.        , 30.82137063, 11.14053581,  3.89479568,\n",
       "        18.39203208, 34.2141481 , 41.54601149, 32.3847639 , 34.69721975,\n",
       "        27.87496286,  5.67853499, 20.72737158, 41.24228131, 23.63088835,\n",
       "        44.59070019,  4.10655202],\n",
       "       [38.15591594, 30.82137063,  0.        , 21.18071044, 33.98156056,\n",
       "        12.63149404,  3.81958062, 12.74365816,  8.64279447,  6.06987624,\n",
       "         9.03725639, 28.46303265, 11.50848515, 12.45129519, 14.27547112,\n",
       "        16.00885202, 27.58446205],\n",
       "       [17.84376869, 11.14053581, 21.18071044,  0.        , 14.95605425,\n",
       "        10.33459082, 24.17512311, 30.81416096, 21.44898787, 26.01117566,\n",
       "        16.89793406,  7.36315835, 13.58825875, 30.51579171, 12.50351052,\n",
       "        33.7595663 ,  9.7551877 ],\n",
       "       [ 5.40881303,  3.89479568, 33.98156056, 14.95605425,  0.        ,\n",
       "        21.39590149, 37.48055825, 45.05684244, 36.01695724, 37.50644961,\n",
       "        31.54038872,  9.3922705 , 23.40372973, 44.75135095, 27.45943135,\n",
       "        48.1437565 ,  6.41662327],\n",
       "       [25.77388989, 18.39203208, 12.63149404, 10.33459082, 21.39590149,\n",
       "         0.        , 16.25455508, 24.46866906, 16.55395389, 16.35094704,\n",
       "        12.87593395, 16.89604567,  3.37070653, 24.16107193, 12.57756713,\n",
       "        27.69889123, 14.98351618],\n",
       "       [41.49611653, 34.2141481 ,  3.81958062, 24.17512311, 37.48055825,\n",
       "        16.25455508,  0.        ,  9.00158865,  7.4001718 ,  6.79390283,\n",
       "         9.70410915, 31.52551308, 15.31295316,  8.71721752, 15.62351534,\n",
       "        12.24612599, 31.11345615],\n",
       "       [48.60553382, 41.54601149, 12.74365816, 30.81416096, 45.05684244,\n",
       "        24.46866906,  9.00158865,  0.        ,  9.58879191, 14.4142136 ,\n",
       "        14.08671718, 38.10516385, 24.0290568 ,  0.30797205, 19.77976226,\n",
       "         3.27561547, 38.83941868],\n",
       "       [39.29147707, 32.3847639 ,  8.64279447, 21.44898787, 36.01695724,\n",
       "        16.55395389,  7.4001718 ,  9.58879191,  0.        , 13.93384894,\n",
       "         4.56084515, 28.65978553, 17.12418283,  9.30962111, 10.22308553,\n",
       "        12.3479172 , 29.97245934],\n",
       "       [42.08201464, 34.69721975,  6.06987624, 26.01117566, 37.50644961,\n",
       "        16.35094704,  6.79390283, 14.4142136 , 13.93384894,  0.        ,\n",
       "        15.06933727, 33.06536933, 14.1183431 , 14.19040071, 20.31260133,\n",
       "        17.32881318, 31.10783721],\n",
       "       [34.74170158, 27.87496286,  9.03725639, 16.89793406, 31.54038872,\n",
       "        12.87593395,  9.70410915, 14.08671718,  4.56084515, 15.06933727,\n",
       "         0.        , 24.0989507 , 14.10935922, 13.79937247,  6.05589413,\n",
       "        16.90616806, 25.57249684],\n",
       "       [10.87001718,  5.67853499, 28.46303265,  7.36315835,  9.3922705 ,\n",
       "        16.89604567, 31.52551308, 38.10516385, 28.65978553, 33.06536933,\n",
       "        24.0989507 ,  0.        , 19.83665832, 37.80920821, 19.19751956,\n",
       "        41.00162868,  7.35419327],\n",
       "       [28.09126855, 20.72737158, 11.50848515, 13.58825875, 23.40372973,\n",
       "         3.37070653, 15.31295316, 24.0290568 , 17.12418283, 14.1183431 ,\n",
       "        14.10935922, 19.83665832,  0.        , 23.72652109, 15.0475774 ,\n",
       "        27.3024234 , 17.02336655],\n",
       "       [48.30461966, 41.24228131, 12.45129519, 30.51579171, 44.75135095,\n",
       "        24.16107193,  8.71721752,  0.30797205,  9.30962111, 14.19040071,\n",
       "        13.79937247, 37.80920821, 23.72652109,  0.        , 19.50825782,\n",
       "         3.57639203, 38.53266558],\n",
       "       [30.04477077, 23.63088835, 14.27547112, 12.50351052, 27.45943135,\n",
       "        12.57756713, 15.62351534, 19.77976226, 10.22308553, 20.31260133,\n",
       "         6.05589413, 19.19751956, 15.0475774 , 19.50825782,  0.        ,\n",
       "        22.35775043, 22.00242034],\n",
       "       [51.5876329 , 44.59070019, 16.00885202, 33.7595663 , 48.1437565 ,\n",
       "        27.69889123, 12.24612599,  3.27561547, 12.3479172 , 17.32881318,\n",
       "        16.90616806, 41.00162868, 27.3024234 ,  3.57639203, 22.35775043,\n",
       "         0.        , 41.96602268],\n",
       "       [11.17673092,  4.10655202, 27.58446205,  9.7551877 ,  6.41662327,\n",
       "        14.98351618, 31.11345615, 38.83941868, 29.97245934, 31.10783721,\n",
       "        25.57249684,  7.35419327, 17.02336655, 38.53266558, 22.00242034,\n",
       "        41.96602268,  0.        ]])"
      ]
     },
     "execution_count": 25,
     "metadata": {},
     "output_type": "execute_result"
    }
   ],
   "source": [
    "dists"
   ]
  },
  {
   "cell_type": "code",
   "execution_count": 28,
   "id": "483c53cf-999e-4be2-b133-f8a4cbf6628b",
   "metadata": {
    "tags": []
   },
   "outputs": [
    {
     "data": {
      "text/html": [
       "<div>\n",
       "<style scoped>\n",
       "    .dataframe tbody tr th:only-of-type {\n",
       "        vertical-align: middle;\n",
       "    }\n",
       "\n",
       "    .dataframe tbody tr th {\n",
       "        vertical-align: top;\n",
       "    }\n",
       "\n",
       "    .dataframe thead th {\n",
       "        text-align: right;\n",
       "    }\n",
       "</style>\n",
       "<table border=\"1\" class=\"dataframe\">\n",
       "  <thead>\n",
       "    <tr style=\"text-align: right;\">\n",
       "      <th></th>\n",
       "      <th>origin</th>\n",
       "      <th>destination</th>\n",
       "      <th>packages</th>\n",
       "    </tr>\n",
       "  </thead>\n",
       "  <tbody>\n",
       "    <tr>\n",
       "      <th>0</th>\n",
       "      <td>2</td>\n",
       "      <td>15</td>\n",
       "      <td>2878</td>\n",
       "    </tr>\n",
       "    <tr>\n",
       "      <th>1</th>\n",
       "      <td>2</td>\n",
       "      <td>6</td>\n",
       "      <td>3745</td>\n",
       "    </tr>\n",
       "    <tr>\n",
       "      <th>2</th>\n",
       "      <td>2</td>\n",
       "      <td>3</td>\n",
       "      <td>2973</td>\n",
       "    </tr>\n",
       "    <tr>\n",
       "      <th>3</th>\n",
       "      <td>2</td>\n",
       "      <td>5</td>\n",
       "      <td>4868</td>\n",
       "    </tr>\n",
       "    <tr>\n",
       "      <th>4</th>\n",
       "      <td>2</td>\n",
       "      <td>8</td>\n",
       "      <td>2796</td>\n",
       "    </tr>\n",
       "  </tbody>\n",
       "</table>\n",
       "</div>"
      ],
      "text/plain": [
       "   origin  destination  packages\n",
       "0       2           15      2878\n",
       "1       2            6      3745\n",
       "2       2            3      2973\n",
       "3       2            5      4868\n",
       "4       2            8      2796"
      ]
     },
     "execution_count": 28,
     "metadata": {},
     "output_type": "execute_result"
    }
   ],
   "source": [
    "df_pkgs_sm.head()"
   ]
  },
  {
   "cell_type": "code",
   "execution_count": 31,
   "id": "c098a08e-7a7e-4406-9a5c-a860b030290a",
   "metadata": {
    "tags": []
   },
   "outputs": [],
   "source": [
    "pkgs = np.zeros((N, N))\n",
    "for i, row in df_pkgs_sm.iterrows():\n",
    "    pkgs[row.origin, row.destination] = row.packages"
   ]
  },
  {
   "cell_type": "code",
   "execution_count": 32,
   "id": "df882760-a286-4b84-9cb8-2044f6e5f390",
   "metadata": {
    "scrolled": true,
    "tags": []
   },
   "outputs": [
    {
     "data": {
      "text/plain": [
       "array([[0.000e+00, 3.578e+03, 1.464e+03, 2.363e+03, 7.187e+03, 1.729e+03,\n",
       "        7.070e+02, 0.000e+00, 5.710e+02, 1.820e+02, 2.851e+03, 2.150e+03,\n",
       "        1.322e+03, 1.497e+03, 9.880e+02, 1.379e+03, 2.366e+03],\n",
       "       [3.584e+03, 0.000e+00, 2.417e+03, 4.179e+03, 6.083e+03, 2.520e+03,\n",
       "        8.890e+02, 0.000e+00, 1.056e+03, 6.480e+02, 2.709e+03, 2.694e+03,\n",
       "        1.378e+03, 1.185e+03, 1.411e+03, 7.830e+02, 5.759e+03],\n",
       "       [1.645e+03, 2.423e+03, 0.000e+00, 2.973e+03, 2.764e+03, 4.868e+03,\n",
       "        3.745e+03, 5.517e+03, 2.796e+03, 4.772e+03, 3.898e+03, 1.509e+03,\n",
       "        2.782e+03, 3.910e+03, 2.598e+03, 2.878e+03, 2.532e+03],\n",
       "       [2.649e+03, 4.168e+03, 3.078e+03, 0.000e+00, 4.378e+03, 4.231e+03,\n",
       "        1.067e+03, 1.630e+03, 1.444e+03, 1.649e+03, 3.111e+03, 4.385e+03,\n",
       "        2.313e+03, 1.074e+03, 2.459e+03, 1.113e+03, 4.164e+03],\n",
       "       [6.995e+03, 6.167e+03, 2.762e+03, 4.439e+03, 0.000e+00, 3.293e+03,\n",
       "        7.270e+02, 0.000e+00, 1.017e+03, 9.070e+02, 3.716e+03, 2.616e+03,\n",
       "        1.901e+03, 1.666e+03, 1.198e+03, 1.415e+03, 5.164e+03],\n",
       "       [1.730e+03, 2.518e+03, 4.866e+03, 4.235e+03, 3.294e+03, 0.000e+00,\n",
       "        1.843e+03, 2.574e+03, 1.407e+03, 2.077e+03, 4.142e+03, 1.579e+03,\n",
       "        2.830e+03, 1.831e+03, 1.438e+03, 1.488e+03, 2.703e+03],\n",
       "       [7.050e+02, 8.910e+02, 3.750e+03, 1.067e+03, 7.250e+02, 1.843e+03,\n",
       "        0.000e+00, 2.971e+03, 1.436e+03, 1.764e+03, 2.797e+03, 1.560e+02,\n",
       "        1.758e+03, 2.740e+03, 8.620e+02, 1.756e+03, 1.099e+03],\n",
       "       [0.000e+00, 0.000e+00, 5.515e+03, 1.646e+03, 0.000e+00, 2.579e+03,\n",
       "        2.774e+03, 0.000e+00, 2.369e+03, 1.723e+03, 5.364e+03, 1.700e+01,\n",
       "        1.739e+03, 0.000e+00, 1.541e+03, 6.126e+03, 0.000e+00],\n",
       "       [5.980e+02, 1.056e+03, 2.795e+03, 1.445e+03, 8.360e+02, 1.412e+03,\n",
       "        1.436e+03, 2.368e+03, 0.000e+00, 1.843e+03, 3.750e+03, 2.070e+02,\n",
       "        1.492e+03, 2.190e+03, 2.521e+03, 1.231e+03, 1.510e+03],\n",
       "       [1.820e+02, 6.480e+02, 4.769e+03, 1.655e+03, 9.070e+02, 2.076e+03,\n",
       "        1.764e+03, 1.721e+03, 1.840e+03, 0.000e+00, 2.045e+03, 3.570e+02,\n",
       "        1.296e+03, 2.650e+03, 1.121e+03, 2.019e+03, 5.460e+02],\n",
       "       [2.698e+03, 2.717e+03, 3.665e+03, 2.967e+03, 3.552e+03, 4.148e+03,\n",
       "        2.972e+03, 5.376e+03, 3.754e+03, 2.006e+03, 0.000e+00, 1.439e+03,\n",
       "        2.679e+03, 3.566e+03, 4.875e+03, 3.476e+03, 2.629e+03],\n",
       "       [1.966e+03, 2.683e+03, 1.517e+03, 4.574e+03, 2.624e+03, 1.583e+03,\n",
       "        1.550e+02, 1.700e+01, 2.080e+02, 3.580e+02, 1.441e+03, 0.000e+00,\n",
       "        1.466e+03, 4.460e+02, 1.204e+03, 3.630e+02, 3.813e+03],\n",
       "       [1.316e+03, 1.381e+03, 2.627e+03, 2.277e+03, 1.918e+03, 2.834e+03,\n",
       "        1.775e+03, 1.728e+03, 1.492e+03, 1.296e+03, 2.743e+03, 1.465e+03,\n",
       "        0.000e+00, 1.989e+03, 1.273e+03, 9.040e+02, 2.193e+03],\n",
       "       [1.321e+03, 1.186e+03, 3.927e+03, 1.092e+03, 1.655e+03, 1.830e+03,\n",
       "        2.722e+03, 1.000e+00, 2.190e+03, 2.650e+03, 3.728e+03, 4.460e+02,\n",
       "        1.990e+03, 0.000e+00, 1.693e+03, 1.923e+03, 1.364e+03],\n",
       "       [9.630e+02, 1.410e+03, 2.597e+03, 2.641e+03, 1.197e+03, 1.494e+03,\n",
       "        8.610e+02, 1.541e+03, 2.749e+03, 1.122e+03, 4.669e+03, 1.209e+03,\n",
       "        1.269e+03, 1.692e+03, 0.000e+00, 7.660e+02, 1.877e+03],\n",
       "       [1.379e+03, 7.820e+02, 2.877e+03, 1.078e+03, 1.270e+03, 1.488e+03,\n",
       "        1.761e+03, 6.121e+03, 1.218e+03, 2.020e+03, 3.475e+03, 3.630e+02,\n",
       "        8.910e+02, 1.928e+03, 7.770e+02, 0.000e+00, 5.390e+02],\n",
       "       [2.363e+03, 5.516e+03, 2.536e+03, 4.174e+03, 5.261e+03, 2.702e+03,\n",
       "        1.097e+03, 0.000e+00, 1.511e+03, 5.460e+02, 2.636e+03, 3.828e+03,\n",
       "        2.214e+03, 1.350e+03, 1.874e+03, 5.380e+02, 0.000e+00]])"
      ]
     },
     "execution_count": 32,
     "metadata": {},
     "output_type": "execute_result"
    }
   ],
   "source": [
    "pkgs"
   ]
  },
  {
   "cell_type": "code",
   "execution_count": 33,
   "id": "41fd772f-0d5f-41c0-a535-1e5e157799cc",
   "metadata": {
    "tags": []
   },
   "outputs": [],
   "source": [
    "pkgs = {}\n",
    "for i in range(N):\n",
    "    pkgs[(i, i)] = 0\n",
    "\n",
    "for i, row in df_pkgs_sm.iterrows():\n",
    "    pkgs[(row.origin, row.destination)] = row.packages"
   ]
  },
  {
   "cell_type": "code",
   "execution_count": 34,
   "id": "63bb9187-01fc-4001-bad3-b1aa1fdbee58",
   "metadata": {
    "scrolled": true,
    "tags": []
   },
   "outputs": [
    {
     "data": {
      "text/plain": [
       "{(0, 0): 0,\n",
       " (1, 1): 0,\n",
       " (2, 2): 0,\n",
       " (3, 3): 0,\n",
       " (4, 4): 0,\n",
       " (5, 5): 0,\n",
       " (6, 6): 0,\n",
       " (7, 7): 0,\n",
       " (8, 8): 0,\n",
       " (9, 9): 0,\n",
       " (10, 10): 0,\n",
       " (11, 11): 0,\n",
       " (12, 12): 0,\n",
       " (13, 13): 0,\n",
       " (14, 14): 0,\n",
       " (15, 15): 0,\n",
       " (16, 16): 0,\n",
       " (2, 15): 2878,\n",
       " (2, 6): 3745,\n",
       " (2, 3): 2973,\n",
       " (2, 5): 4868,\n",
       " (2, 8): 2796,\n",
       " (2, 13): 3910,\n",
       " (2, 12): 2782,\n",
       " (2, 1): 2423,\n",
       " (2, 4): 2764,\n",
       " (2, 7): 5517,\n",
       " (2, 9): 4772,\n",
       " (2, 14): 2598,\n",
       " (2, 10): 3898,\n",
       " (2, 16): 2532,\n",
       " (2, 0): 1645,\n",
       " (2, 11): 1509,\n",
       " (15, 2): 2877,\n",
       " (15, 6): 1761,\n",
       " (15, 3): 1078,\n",
       " (15, 5): 1488,\n",
       " (15, 8): 1218,\n",
       " (15, 13): 1928,\n",
       " (15, 12): 891,\n",
       " (15, 1): 782,\n",
       " (15, 4): 1270,\n",
       " (15, 7): 6121,\n",
       " (15, 9): 2020,\n",
       " (15, 14): 777,\n",
       " (15, 10): 3475,\n",
       " (15, 16): 539,\n",
       " (15, 0): 1379,\n",
       " (15, 11): 363,\n",
       " (6, 2): 3750,\n",
       " (6, 15): 1756,\n",
       " (6, 3): 1067,\n",
       " (6, 5): 1843,\n",
       " (6, 8): 1436,\n",
       " (6, 13): 2740,\n",
       " (6, 12): 1758,\n",
       " (6, 1): 891,\n",
       " (6, 4): 725,\n",
       " (6, 7): 2971,\n",
       " (6, 9): 1764,\n",
       " (6, 14): 862,\n",
       " (6, 10): 2797,\n",
       " (6, 16): 1099,\n",
       " (6, 0): 705,\n",
       " (6, 11): 156,\n",
       " (3, 2): 3078,\n",
       " (3, 15): 1113,\n",
       " (3, 6): 1067,\n",
       " (3, 5): 4231,\n",
       " (3, 8): 1444,\n",
       " (3, 13): 1074,\n",
       " (3, 12): 2313,\n",
       " (3, 1): 4168,\n",
       " (3, 4): 4378,\n",
       " (3, 7): 1630,\n",
       " (3, 9): 1649,\n",
       " (3, 14): 2459,\n",
       " (3, 10): 3111,\n",
       " (3, 16): 4164,\n",
       " (3, 0): 2649,\n",
       " (3, 11): 4385,\n",
       " (5, 2): 4866,\n",
       " (5, 15): 1488,\n",
       " (5, 6): 1843,\n",
       " (5, 3): 4235,\n",
       " (5, 8): 1407,\n",
       " (5, 13): 1831,\n",
       " (5, 12): 2830,\n",
       " (5, 1): 2518,\n",
       " (5, 4): 3294,\n",
       " (5, 7): 2574,\n",
       " (5, 9): 2077,\n",
       " (5, 14): 1438,\n",
       " (5, 10): 4142,\n",
       " (5, 16): 2703,\n",
       " (5, 0): 1730,\n",
       " (5, 11): 1579,\n",
       " (8, 2): 2795,\n",
       " (8, 15): 1231,\n",
       " (8, 6): 1436,\n",
       " (8, 3): 1445,\n",
       " (8, 5): 1412,\n",
       " (8, 13): 2190,\n",
       " (8, 12): 1492,\n",
       " (8, 1): 1056,\n",
       " (8, 4): 836,\n",
       " (8, 7): 2368,\n",
       " (8, 9): 1843,\n",
       " (8, 14): 2521,\n",
       " (8, 10): 3750,\n",
       " (8, 16): 1510,\n",
       " (8, 0): 598,\n",
       " (8, 11): 207,\n",
       " (13, 2): 3927,\n",
       " (13, 15): 1923,\n",
       " (13, 6): 2722,\n",
       " (13, 3): 1092,\n",
       " (13, 5): 1830,\n",
       " (13, 8): 2190,\n",
       " (13, 12): 1990,\n",
       " (13, 1): 1186,\n",
       " (13, 4): 1655,\n",
       " (13, 7): 1,\n",
       " (13, 9): 2650,\n",
       " (13, 14): 1693,\n",
       " (13, 10): 3728,\n",
       " (13, 16): 1364,\n",
       " (13, 0): 1321,\n",
       " (13, 11): 446,\n",
       " (12, 2): 2627,\n",
       " (12, 15): 904,\n",
       " (12, 6): 1775,\n",
       " (12, 3): 2277,\n",
       " (12, 5): 2834,\n",
       " (12, 8): 1492,\n",
       " (12, 13): 1989,\n",
       " (12, 1): 1381,\n",
       " (12, 4): 1918,\n",
       " (12, 7): 1728,\n",
       " (12, 9): 1296,\n",
       " (12, 14): 1273,\n",
       " (12, 10): 2743,\n",
       " (12, 16): 2193,\n",
       " (12, 0): 1316,\n",
       " (12, 11): 1465,\n",
       " (1, 2): 2417,\n",
       " (1, 15): 783,\n",
       " (1, 6): 889,\n",
       " (1, 3): 4179,\n",
       " (1, 5): 2520,\n",
       " (1, 8): 1056,\n",
       " (1, 13): 1185,\n",
       " (1, 12): 1378,\n",
       " (1, 4): 6083,\n",
       " (1, 9): 648,\n",
       " (1, 14): 1411,\n",
       " (1, 10): 2709,\n",
       " (1, 16): 5759,\n",
       " (1, 0): 3584,\n",
       " (1, 11): 2694,\n",
       " (4, 2): 2762,\n",
       " (4, 15): 1415,\n",
       " (4, 6): 727,\n",
       " (4, 3): 4439,\n",
       " (4, 5): 3293,\n",
       " (4, 8): 1017,\n",
       " (4, 13): 1666,\n",
       " (4, 12): 1901,\n",
       " (4, 1): 6167,\n",
       " (4, 9): 907,\n",
       " (4, 14): 1198,\n",
       " (4, 10): 3716,\n",
       " (4, 16): 5164,\n",
       " (4, 0): 6995,\n",
       " (4, 11): 2616,\n",
       " (7, 2): 5515,\n",
       " (7, 15): 6126,\n",
       " (7, 6): 2774,\n",
       " (7, 3): 1646,\n",
       " (7, 5): 2579,\n",
       " (7, 8): 2369,\n",
       " (7, 12): 1739,\n",
       " (7, 9): 1723,\n",
       " (7, 14): 1541,\n",
       " (7, 10): 5364,\n",
       " (7, 11): 17,\n",
       " (9, 2): 4769,\n",
       " (9, 15): 2019,\n",
       " (9, 6): 1764,\n",
       " (9, 3): 1655,\n",
       " (9, 5): 2076,\n",
       " (9, 8): 1840,\n",
       " (9, 13): 2650,\n",
       " (9, 12): 1296,\n",
       " (9, 1): 648,\n",
       " (9, 4): 907,\n",
       " (9, 7): 1721,\n",
       " (9, 14): 1121,\n",
       " (9, 10): 2045,\n",
       " (9, 16): 546,\n",
       " (9, 0): 182,\n",
       " (9, 11): 357,\n",
       " (14, 2): 2597,\n",
       " (14, 15): 766,\n",
       " (14, 6): 861,\n",
       " (14, 3): 2641,\n",
       " (14, 5): 1494,\n",
       " (14, 8): 2749,\n",
       " (14, 13): 1692,\n",
       " (14, 12): 1269,\n",
       " (14, 1): 1410,\n",
       " (14, 4): 1197,\n",
       " (14, 7): 1541,\n",
       " (14, 9): 1122,\n",
       " (14, 10): 4669,\n",
       " (14, 16): 1877,\n",
       " (14, 0): 963,\n",
       " (14, 11): 1209,\n",
       " (10, 2): 3665,\n",
       " (10, 15): 3476,\n",
       " (10, 6): 2972,\n",
       " (10, 3): 2967,\n",
       " (10, 5): 4148,\n",
       " (10, 8): 3754,\n",
       " (10, 13): 3566,\n",
       " (10, 12): 2679,\n",
       " (10, 1): 2717,\n",
       " (10, 4): 3552,\n",
       " (10, 7): 5376,\n",
       " (10, 9): 2006,\n",
       " (10, 14): 4875,\n",
       " (10, 16): 2629,\n",
       " (10, 0): 2698,\n",
       " (10, 11): 1439,\n",
       " (16, 2): 2536,\n",
       " (16, 15): 538,\n",
       " (16, 6): 1097,\n",
       " (16, 3): 4174,\n",
       " (16, 5): 2702,\n",
       " (16, 8): 1511,\n",
       " (16, 13): 1350,\n",
       " (16, 12): 2214,\n",
       " (16, 1): 5516,\n",
       " (16, 4): 5261,\n",
